function H = updateJ(x)

H = [1,0,0,0,0,0,0;                                         % 
     0,1,0,0,0,0,0;                                         % thx
     0,0,1,0,0,0,0;                                         
     0,x(3)/(x(2)^2+x(3)^2),-x(2)/(x(3)^2+x(2)^2),0,0,0,0;
     x(3)/(x(1)^2+x(3)^2),0,-x(1)/(x(3)^2+x(1)^2),0,0,0,0;
     0,0,0,0,0,1,0]



end
